9+10^-k	0       -3      -1      -1      -1      -3
-2      	12      -3      -1      -4      -2      0
-4      	-2      12      -2      -4      0       0
0       	0       -4      9       -1      -2      -2
-1      	-2      -2      0       10      -1      -4
0      		 0       -1      -4      0       6       -1
0      		 -4      -4      -2      -4      0       14

7
0 0 1 3 4 8 11 16
-2 -4 -2 -4 -1 -2 -2 0 -1 -4 0 -4 -4 -2 -4 0
0 0 0 2 5 9 14 20
-3 -3 -1 -1 -2 -1 -4 -4 -1 -1 -2 0 -2 -1 -3 0 0 -2 -4 -1
10 12 12 9 10 6 14