0 0 1
0.04040404040404 0 1
0.08080808080808 0 1
0.1212121212121 0 1
0.1616161616162 0 1
0.2020202020202 0 1
0.2424242424242 0 1
0.2828282828283 0 1
0.3232323232323 0 1
0.3636363636364 0 1
0.4040404040404 0 1
0.4444444444444 0 1
0.4848484848485 0 1
0.5252525252525 0 1
0.5656565656566 0 1
0.6060606060606 0 1
0.6464646464646 0 1
0.6868686868687 0 1
0.7272727272727 0 1
0.7676767676768 0 1
0.8080808080808 0 1
0.8484848484848 0 1
0.8888888888889 0 1
0.9292929292929 0 1
0.969696969697 0 1
1.010101010101 0 1
1.050505050505 0 1
1.090909090909 0 1
1.131313131313 0 1
1.171717171717 0 1
1.212121212121 0 1
1.252525252525 0 1
1.292929292929 0 1
1.333333333333 0 1
1.373737373737 0 1
1.414141414141 0 1
1.454545454545 0 1
1.494949494949 0 1
1.535353535354 0 1
1.575757575758 0 1
1.616161616162 0 1
1.656565656566 0 1
1.69696969697 0 1
1.737373737374 0 1
1.777777777778 0 1
1.818181818182 0 1
1.858585858586 0 1
1.89898989899 0 1
1.939393939394 0 1
1.979797979798 0 1
2.020202020202 0 1
2.060606060606 0 1
2.10101010101 0 1
2.141414141414 0 1
2.181818181818 0 1
2.222222222222 0 1
2.262626262626 0 1
2.30303030303 0 1
2.343434343434 0 1
2.383838383838 0 1
2.424242424242 0 1
2.464646464646 0 1
2.505050505051 0 1
2.545454545455 0 1
2.585858585859 0 1
2.626262626263 0 1
2.666666666667 0 1
2.707070707071 0 1
2.747474747475 0 1
2.787878787879 0 1
2.828282828283 0 1
2.868686868687 0 1
2.909090909091 0 1
2.949494949495 0 1
2.989898989899 0 1
3.030303030303 0 1
3.070707070707 0 1
3.111111111111 0 1
3.151515151515 0 1
3.191919191919 0 1
3.232323232323 0 1
3.272727272727 0 1
3.313131313131 0 1
3.353535353535 0 1
3.393939393939 0 1
3.434343434343 0 1
3.474747474747 0 1
3.515151515152 0 1
3.555555555556 0 1
3.59595959596 0 1
3.636363636364 0 1
3.676767676768 0 1
3.717171717172 0 1
3.757575757576 0 1
3.79797979798 0 1
3.838383838384 0 1
3.878787878788 0 1
3.919191919192 0 1
3.959595959596 0 1
4 0 1
0 0.02040816326531 0.9795918367347
0.04040404040404 0.02040816326531 0.9795918313675
0.08080808080808 0.02040816326531 0.9795918304783
0.1212121212121 0.02040816326531 0.9795918354665
0.1616161616162 0.02040816326531 0.9795918469854
0.2020202020202 0.02040816326531 0.9795918652555
0.2424242424242 0.02040816326531 0.9795918901994
0.2828282828283 0.02040816326531 0.9795919215099
0.3232323232323 0.02040816326531 0.9795919586901
0.3636363636364 0.02040816326531 0.9795920010802
0.4040404040404 0.02040816326531 0.9795920478799
0.4444444444444 0.02040816326531 0.979592098168
0.4848484848485 0.02040816326531 0.9795921509231
0.5252525252525 0.02040816326531 0.979592205044
0.5656565656566 0.02040816326531 0.9795922593714
0.6060606060606 0.02040816326531 0.9795923127114
0.6464646464646 0.02040816326531 0.9795923638584
0.6868686868687 0.02040816326531 0.9795924116191
0.7272727272727 0.02040816326531 0.9795924548369
0.7676767676768 0.02040816326531 0.9795924924147
0.8080808080808 0.02040816326531 0.979592523338
0.8484848484848 0.02040816326531 0.9795925466953
0.8888888888889 0.02040816326531 0.9795925616981
0.9292929292929 0.02040816326531 0.9795925676977
0.969696969697 0.02040816326531 0.9795925641994
1.010101010101 0.02040816326531 0.9795925508746
1.050505050505 0.02040816326531 0.9795925275689
1.090909090909 0.02040816326531 0.9795924943073
1.131313131313 0.02040816326531 0.9795924512963
1.171717171717 0.02040816326531 0.9795923989215
1.212121212121 0.02040816326531 0.9795923377431
1.252525252525 0.02040816326531 0.9795922684869
1.292929292929 0.02040816326531 0.9795921920326
1.333333333333 0.02040816326531 0.9795921093993
1.373737373737 0.02040816326531 0.9795920217279
1.414141414141 0.02040816326531 0.9795919302615
1.454545454545 0.02040816326531 0.9795918363235
1.494949494949 0.02040816326531 0.9795917412943
1.535353535354 0.02040816326531 0.9795916465871
1.575757575758 0.02040816326531 0.9795915536229
1.616161616162 0.02040816326531 0.979591463805
1.656565656566 0.02040816326531 0.9795913784943
1.69696969697 0.02040816326531 0.9795912989853
1.737373737374 0.02040816326531 0.9795912264831
1.777777777778 0.02040816326531 0.9795911620826
1.818181818182 0.02040816326531 0.9795911067487
1.858585858586 0.02040816326531 0.9795910613003
1.89898989899 0.02040816326531 0.979591026396
1.939393939394 0.02040816326531 0.9795910025232
1.979797979798 0.02040816326531 0.9795909899903
2.020202020202 0.02040816326531 0.979590988922
2.060606060606 0.02040816326531 0.9795909992582
2.10101010101 0.02040816326531 0.9795910207563
2.141414141414 0.02040816326531 0.9795910529964
2.181818181818 0.02040816326531 0.9795910953901
2.222222222222 0.02040816326531 0.9795911471919
2.262626262626 0.02040816326531 0.9795912075138
2.30303030303 0.02040816326531 0.9795912753418
2.343434343434 0.02040816326531 0.9795913495551
2.383838383838 0.02040816326531 0.9795914289465
2.424242424242 0.02040816326531 0.9795915122443
2.464646464646 0.02040816326531 0.9795915981356
2.505050505051 0.02040816326531 0.9795916852893
2.545454545455 0.02040816326531 0.9795917723798
2.585858585859 0.02040816326531 0.9795918581097
2.626262626263 0.02040816326531 0.9795919412325
2.666666666667 0.02040816326531 0.9795920205732
2.707070707071 0.02040816326531 0.9795920950476
2.747474747475 0.02040816326531 0.9795921636804
2.787878787879 0.02040816326531 0.9795922256197
2.828282828283 0.02040816326531 0.9795922801498
2.868686868687 0.02040816326531 0.9795923267018
2.909090909091 0.02040816326531 0.9795923648598
2.949494949495 0.02040816326531 0.979592394366
2.989898989899 0.02040816326531 0.9795924151212
3.030303030303 0.02040816326531 0.9795924271834
3.070707070707 0.02040816326531 0.979592430763
3.111111111111 0.02040816326531 0.9795924262156
3.151515151515 0.02040816326531 0.9795924140317
3.191919191919 0.02040816326531 0.9795923948247
3.232323232323 0.02040816326531 0.9795923693162
3.272727272727 0.02040816326531 0.9795923383204
3.313131313131 0.02040816326531 0.9795923027259
3.353535353535 0.02040816326531 0.9795922634777
3.393939393939 0.02040816326531 0.9795922215576
3.434343434343 0.02040816326531 0.9795921779649
3.474747474747 0.02040816326531 0.9795921336967
3.515151515152 0.02040816326531 0.979592089729
3.555555555556 0.02040816326531 0.9795920469982
3.59595959596 0.02040816326531 0.9795920063841
3.636363636364 0.02040816326531 0.9795919686932
3.676767676768 0.02040816326531 0.9795919346436
3.717171717172 0.02040816326531 0.9795919048508
3.757575757576 0.02040816326531 0.9795918798134
3.79797979798 0.02040816326531 0.9795918598974
3.838383838384 0.02040816326531 0.9795918453167
3.878787878788 0.02040816326531 0.9795918361036
3.919191919192 0.02040816326531 0.9795918320575
3.959595959596 0.02040816326531 0.9795918326406
4 0.02040816326531 0.9795918367347